21
NP_000542.1    0.000000 0.000000 0.014085 0.009390 0.023474 0.032864 0.157360 0.018405 0.012346 0.000000 0.085714 0.037559 0.024540 0.037559 0.037559 0.000000 0.037559 0.042254 0.052632 0.018519 0.024540
4WQO_A         0.000000 0.000000 0.014085 0.009390 0.032558 0.032864 0.137056 0.018405 0.012346 0.000000 0.057143 0.037559 0.024540 0.037559 0.037559 0.000000 0.037559 0.042254 0.052632 0.018519 0.024540
XP_030657505.1 0.014085 0.014085 0.000000 0.014085 0.037559 0.028169 0.162437 0.024540 0.018519 0.006250 0.091429 0.032864 0.030675 0.032864 0.032864 0.006452 0.032864 0.037559 0.058480 0.024691 0.030675
NP_001126390.1 0.009390 0.009390 0.014085 0.000000 0.032864 0.032864 0.162437 0.024540 0.018519 0.006250 0.091429 0.037559 0.030675 0.037559 0.037559 0.006452 0.028169 0.042254 0.058480 0.024691 0.030675
XP_004033637.2 0.023474 0.032558 0.037559 0.032864 0.000000 0.056338 0.177665 0.036810 0.030864 0.018750 0.102857 0.061033 0.042945 0.061033 0.061033 0.000000 0.061033 0.065728 0.070175 0.037037 0.042945
XP_010367684.1 0.032864 0.032864 0.028169 0.032864 0.056338 0.000000 0.172589 0.036810 0.030864 0.018750 0.102857 0.023474 0.042945 0.028169 0.023474 0.019355 0.004695 0.023474 0.070175 0.037037 0.042945
7Q2J_C         0.157360 0.137056 0.162437 0.162437 0.177665 0.172589 0.000000 0.018405 0.000000 0.000000 0.045714 0.182741 0.024540 0.182741 0.182741 0.000000 0.172589 0.187817 0.005848 0.006173 0.024540
3ZRC_C         0.018405 0.018405 0.024540 0.024540 0.036810 0.036810 0.018405 0.000000 0.012346 0.000000 0.024540 0.042945 0.018405 0.042945 0.042945 0.000000 0.036810 0.049080 0.024540 0.018519 0.006135
1LQB_C         0.012346 0.012346 0.018519 0.018519 0.030864 0.030864 0.000000 0.012346 0.000000 0.000000 0.018519 0.037037 0.018519 0.037037 0.037037 0.000000 0.030864 0.043210 0.006173 0.006173 0.018519
1LM8_V         0.000000 0.000000 0.006250 0.006250 0.018750 0.018750 0.000000 0.000000 0.000000 0.000000 0.006250 0.025000 0.006250 0.025000 0.025000 0.000000 0.018750 0.031250 0.006250 0.006250 0.006250
7KHH_C         0.085714 0.057143 0.091429 0.091429 0.102857 0.102857 0.045714 0.024540 0.018519 0.006250 0.000000 0.108571 0.012270 0.108571 0.108571 0.000000 0.102857 0.114286 0.046784 0.024691 0.030675
XP_011915503.1 0.037559 0.037559 0.032864 0.037559 0.061033 0.023474 0.182741 0.042945 0.037037 0.025000 0.108571 0.000000 0.049080 0.004695 0.009390 0.025806 0.028169 0.004695 0.076023 0.043210 0.049080
7CJB_A         0.024540 0.024540 0.030675 0.030675 0.042945 0.042945 0.024540 0.018405 0.018519 0.006250 0.012270 0.049080 0.000000 0.049080 0.049080 0.000000 0.042945 0.055215 0.030675 0.024691 0.024540
XP_011732630.1 0.037559 0.037559 0.032864 0.037559 0.061033 0.028169 0.182741 0.042945 0.037037 0.025000 0.108571 0.004695 0.049080 0.000000 0.014085 0.025806 0.032864 0.009390 0.076023 0.043210 0.049080
XP_007983401.1 0.037559 0.037559 0.032864 0.037559 0.061033 0.023474 0.182741 0.042945 0.037037 0.025000 0.108571 0.009390 0.049080 0.014085 0.000000 0.025806 0.028169 0.014085 0.076023 0.043210 0.049080
6ZHC_AAA       0.000000 0.000000 0.006452 0.006452 0.000000 0.019355 0.000000 0.000000 0.000000 0.000000 0.000000 0.025806 0.000000 0.025806 0.025806 0.000000 0.019355 0.032258 0.006452 0.006452 0.006452
XP_011807665.1 0.037559 0.037559 0.032864 0.028169 0.061033 0.004695 0.172589 0.036810 0.030864 0.018750 0.102857 0.028169 0.042945 0.032864 0.028169 0.019355 0.000000 0.028169 0.070175 0.037037 0.042945
XP_025231003.1 0.042254 0.042254 0.037559 0.042254 0.065728 0.023474 0.187817 0.049080 0.043210 0.031250 0.114286 0.004695 0.055215 0.009390 0.014085 0.032258 0.028169 0.000000 0.081871 0.049383 0.055215
4B9K_C         0.052632 0.052632 0.058480 0.058480 0.070175 0.070175 0.005848 0.024540 0.006173 0.006250 0.046784 0.076023 0.030675 0.076023 0.076023 0.006452 0.070175 0.081871 0.000000 0.000000 0.018405
4BKS_C         0.018519 0.018519 0.024691 0.024691 0.037037 0.037037 0.006173 0.018519 0.006173 0.006250 0.024691 0.043210 0.024691 0.043210 0.043210 0.006452 0.037037 0.049383 0.000000 0.000000 0.012346
4AWJ_C         0.024540 0.024540 0.030675 0.030675 0.042945 0.042945 0.024540 0.006135 0.018519 0.006250 0.030675 0.049080 0.024540 0.049080 0.049080 0.006452 0.042945 0.055215 0.018405 0.012346 0.000000
